MAKI

2583,2586,2620,2649,2671,2700,2728,2801,2812,2828,2871,2986,2309,2332,2353,2360,2365,2386,2422,2443,2448,2476,2511,2546,1967,1999,2000,2008,2022,2058,2114,2120,2176,2187,2235,2259,1521,1548,1572,1593,1641,1677,1704,1740,1746,1894,1901,1925,1156,1158,1171,1256,1297,1298,1353,1379,1450,1477,1479,1506,841,855,873,878,898,906,942,989,1012,1058,1059,1073,701,703,716,731,742,754,772,779,806,814,828,835,563,574,595,598,608,615,624,641,664,674,684,694,424,435,456,478,482,484,488,499,513,521,529,548,293,303,313,339,344,358,362,371,395,399,400,405,170,187,194,216,220,231,240,257,259,270,282,289,33,42,51,60,77,96,99,114,126,132,143,167

RIN

2563,2585,2604,2645,2670,2800,2811,2836,2859,2944,2286,2331,2380,2385,2418,2421,2475,2534,2542,2545,2558,2560,1934,1966,1992,2021,2056,2077,2119,2155,2199,2200,2248,2258,1578,1630,1638,1675,1703,1731,1739,1763,1769,1774,1840,1906,1180,1192,1214,1276,1289,1363,1404,1414,1449,1478,1505,1520,865,872,881,897,941,964,1001,1032,1034,1105,1134,1159,715,724,741,753,764,765,769,805,815,826,827,849,573,588,614,623,631,640,666,668,669,683,689,707,448,464,468,481,498,512,520,538,541,547,558,562,302,307,312,327,332,338,356,376,402,408,434,441,172,185,193,211,225,230,239,247,252,272,278,288,32,41,50,59,87,93,95,105,113,125,142,157

HANAYO

2587,2608,2612,2618,2650,2664,2673,2789,2802,2872,2938,2987,2268,2295,2325,2334,2381,2388,2420,2423,2477,2512,2525,2543,1969,1984,1990,2023,2080,2122,2125,2154,2198,2209,2234,2262,1523,1542,1573,1610,1724,1732,1742,1761,1878,1879,1893,1956,1157,1172,1254,1255,1277,1333,1380,1425,1448,1451,1480,1481,864,870,874,888,903,908,944,1011,1035,1104,1113,1126,720,732,738,756,761,780,798,808,831,843,851,857,599,602,607,617,626,649,658,675,686,695,699,718,455,465,474,501,506,523,524,530,543,556,576,579,309,322,341,345,366,396,414,421,426,428,437,449,180,198,202,221,233,242,248,265,279,291,305,308,35,44,53,62,64,78,82,116,133,136,153,164

HONOKA

2666,2693,2787,2805,2858,2868,2942,2985,2469,2470,2473,2474,2496,2535,2552,2564,2595,2603,2619,2660,2175,2188,2220,2231,2260,2297,2306,2327,2349,2356,2383,2414,1775,1809,1839,1905,1962,2017,2040,2051,2103,2111,2115,2153,1413,1415,1464,1516,1537,1577,1604,1642,1660,1661,1723,1735,1009,1060,1080,1114,1148,1179,1203,1215,1266,1296,1352,1378,818,820,833,846,848,852,867,883,900,905,937,980,679,708,710,730,735,746,747,749,758,768,801,812,553,561,569,592,600,604,610,619,636,639,663,671,422,430,444,445,452,483,492,494,503,516,527,533,284,298,319,324,334,346,347,349,354,374,410,412,141,159,165,176,189,200,222,226,235,245,261,276,28,37,46,55,65,71,79,107,108,109,122,137

KOTORI

2979,2571,2596,2625,2644,2661,2668,2692,2810,2827,2870,2945,2946,2329,2351,2357,2393,2410,2416,2449,2495,2499,2500,2523,2536,1983,2009,2048,2052,2069,2117,2145,2157,2222,2232,2261,2284,1983,2009,2048,2052,2069,2117,2145,2157,2222,2232,2261,2284,1193,1236,1253,1278,1360,1362,1416,1418,1454,1476,1518,1538,853,859,871,886,939,963,968,1002,1045,1057,1115,1125,706,713,726,736,751,759,778,784,803,813,823,824,571,583,586,593,612,621,634,648,655,677,681,688,440,446,453,463,476,496,504,509,518,535,546,565,274,277,286,300,315,336,343,365,369,378,404,432,169,178,182,190,201,204,210,228,237,249,255,269,30,39,48,57,67,75,88,92,111,119,131,155

UMI

2626,2652,2653,2662,2669,2695,2785,2837,2869,2937,2311,2330,2352,2358,2411,2417,2450,2544,2559,2597,2602,2611,1965,2025,2053,2102,2113,2118,2156,2210,2233,2281,2285,2308,1558,1605,1609,1709,1738,1747,1810,1825,1926,1933,1939,1940,1201,1225,1299,1323,1330,1417,1429,1453,1483,1519,1535,1539,860,869,887,940,965,988,990,1023,1081,1085,1127,1170,723,737,740,752,763,782,796,804,817,825,840,854,587,594,606,613,622,643,652,656,673,682,697,714,447,461,467,472,497,511,519,536,549,567,572,578,301,311,317,326,337,355,394,415,417,419,423,433,162,184,192,206,208,214,229,238,246,263,287,296,31,40,49,58,68,73,81,86,112,124,145,158

ELI

2998,2576,2577,2591,2624,2648,2667,2694,2733,2784,2809,2943,2988,2307,2324,2328,2350,2384,2390,2415,2471,2497,2526,2533,2565,1963,1987,2024,2047,2070,2116,2126,2186,2194,2208,2244,2273,1574,1611,1637,1688,1736,1745,1755,1760,1770,1864,1900,1937,1200,1202,1213,1268,1275,1321,1371,1373,1405,1452,1517,1540,862,868,885,889,938,962,967,978,1025,1071,1112,1138,711,712,722,744,750,776,777,795,802,810,821,822,581,597,605,611,620,645,647,659,672,680,691,705,458,460,480,486,487,495,507,517,528,545,551,570,330,335,350,351,361,364,370,375,413,418,431,439,174,177,196,219,227,236,254,262,280,285,299,320,29,38,47,56,94,103,110,123,129,138,152,161

NOZOMI

2578,2605,2623,2663,2672,2734,2788,2808,2817,2838,2860,2984,2333,2354,2387,2391,2394,2412,2419,2425,2493,2498,2524,2557,2041,2054,2055,2079,2121,2124,2184,2223,2245,2272,2282,2310,1608,1653,1663,1676,1741,1762,1771,1826,1938,1968,1988,2018,1222,1237,1267,1332,1361,1374,1430,1447,1482,1522,1541,1575,879,890,891,902,907,943,979,1033,1046,1072,1137,1182,733,743,755,766,770,774,797,807,829,830,850,876,584,589,616,625,632,650,657,661,685,690,698,717,469,470,473,489,500,505,522,531,542,554,564,575,314,328,340,352,360,367,377,406,436,442,450,454,163,186,203,212,224,232,241,256,264,290,294,304,34,43,52,61,72,101,104,115,134,139,144,150

NICO

2848,2854,2941,2980,2494,2522,2566,2579,2592,2617,2651,2674,2735,2790,2806,2839,2185,2211,2249,2296,2335,2355,2389,2392,2444,2451,2459,2464,1857,1863,1907,1970,1989,1991,2057,2078,2100,2101,2123,2144,1463,1524,1536,1576,1594,1603,1629,1652,1705,1710,1743,1803,1084,1135,1149,1181,1223,1226,1288,1322,1331,1372,1375,1419,845,861,880,892,899,909,945,987,991,1010,1024,1055,700,719,725,728,757,760,771,781,799,809,832,842,580,590,618,627,628,633,637,642,653,665,687,692,462,475,490,491,502,514,525,537,540,555,559,577,306,321,329,342,357,372,392,397,401,407,425,438,179,195,207,213,217,234,243,250,267,271,292,295,36,45,54,63,66,90,100,117,118,127,154,171